
-553,-551
-553,-550
-518,-553
-518,-552
483,-590
483,-589
448,-592
448,-591
87,-170
124,-168
96,-176
91,-179
91,-180
92,-180
92,-179
104,-180
105,-180
105,-179
104,-179
109,-188
110,-190
110,-188
109,-190
108,-189
111,-189
36,-216
33,-213
97,-109
95,-109
96,-110
97,-110
96,-108
95,-108
61,-43
61,-45
62,-44
60,-44
62,-43
60,-45
70,-55
70,-54
71,-54
71,-55
68,-71
69,-69
69,-71
68,-69
67,-70
70,-70
76,-77
75,-73
74,-72
73,-80
74,-73
75,-76
76,-76
75,-77
74,-80
75,-72
77,-84
73,-81
74,-81
32,-62
32,-63
31,-62
31,-63
41,-69
38,-66
44,-66
41,-63
20,-87
19,-86
20,-86
19,-87
32,-67
10,-84
11,-84
15,-60
26,-78
27,-78
26,-77
27,-77
16,-54
18,-54
17,-55
17,-53
18,-53
16,-43
14,-42
14,-43
16,-42
15,-41
15,-44
25,-30
24,-30
24,-29
25,-28
26,-29
26,-46
25,-44
25,-47
23,-46
26,-45
24,-44
24,-47
23,-45
41,-41
35,-47
39,-40
34,-45
39,-41
41,-40
34,-47
35,-45
40,-39
33,-46
40,-42
36,-46
10,-83
11,-83
12,-80
13,-79
10,-79
12,-77
11,-80
10,-78
13,-78
11,-77
-129,-178
-129,-177
-130,-178
-130,-177
-34,-226
-50,-208
-51,-208
-51,-206
-50,-206
-52,-207
-49,-207
-47,-204
-48,-204
-48,-203
-47,-203
-30,-209
-36,-211
-37,-213
-36,-213
-37,-211
-35,-212
-38,-212
17,-107
17,-105
23,-107
16,-106
18,-106
23,-105
25,-98
22,-101
19,-98
22,-95
22,-107
22,-105
24,-106
21,-106
28,-101
28,-100
30,-100
29,-99
30,-101
29,-102
-32,-219
-32,-218
-31,-219
-31,-218
-24,-211
-25,-211
-25,-212
-24,-212
4,-206
5,-206
8,-202
7,-201
10,-201
8,-199
4,-205
5,-205
9,-202
10,-200
7,-200
9,-199
0,-211
0,-212
-1,-212
-1,-211
4,-119
-1,-206
-2,-206
-1,-207
-2,-207
-15,-214
-15,-213
-13,-214
-13,-213
-14,-215
-14,-212
-20,-229
-18,-229
-20,-230
-18,-230
-19,-231
-19,-228
-14,-239
-17,-236
-11,-236
-14,-233
-33,-240
-32,-240
-33,-241
-32,-241
83,-156
-30,-245
-28,-245
-30,-255
-28,-255
-24,-251
-24,-249
-34,-251
-34,-249
-30,-246
-28,-246
-30,-254
-28,-254
-25,-251
-25,-249
-33,-251
-33,-249
-29,-247
-29,-253
-26,-250
-32,-250
-29,-244
-29,-256
-23,-250
-35,-250
14,-237
30,-224
27,-227
27,-221
24,-225
24,-223
25,-224
23,-224
79,-142
78,-141
79,-141
78,-142
8,-218
9,-208
4,-220
9,-207
84,-146
88,-145
4,-219
3,-219
86,-146
88,-146
85,-145
86,-145
89,-145
2,-220
3,-221
89,-146
19,-210
85,-147
10,-208
18,-209
10,-207
18,-210
19,-209
15,-225
12,-228
9,-225
12,-222
54,-224
56,-226
48,-219
48,-217
55,-226
54,-225
56,-224
55,-223
57,-225
47,-219
47,-217
49,-218
46,-218
-115,-44
-115,-45
-116,-44
-116,-46
-117,-45
-105,-35
-105,-34
-103,-34
-104,-33
-104,-36
-103,-36
-102,-35
45,-208
97,-214
97,-215
98,-214
98,-216
99,-215
100,-216
99,-217
98,-196
99,-196
99,-197
98,-197
85,-220
-93,-66
-92,-65
-92,-66
-93,-65
88,-200
87,-201
87,-200
88,-201
90,-207
84,-219
84,-220
86,-219
85,-218
-142,-80
-141,-80
-141,-79
-142,-79
-161,-85
-159,-85
-160,-84
-160,-86
-161,-84
-159,-86
-149,-76
-150,-76
-150,-75
-149,-75
-12,-72
-69,-129
-70,-129
-69,-130
-70,-130
-55,-117
-6,-92
-4,-93
-6,-93
-4,-92
-5,-94
-5,-91
-32,-117
-30,-116
-32,-116
-30,-117
-31,-118
-31,-115
-17,-104
-17,-103
-16,-104
-16,-103
-18,-99
-16,-97
-17,-99
-18,-97
-16,-98
-19,-98
-17,-96
-32,-90
-31,-92
-31,-90
-32,-92
-33,-91
-30,-91
-37,-80
-37,-79
-36,-80
-36,-79
-24,-76
-24,-77
-26,-77
-25,-76
-25,-78
-53,-128
-55,-127
-55,-128
-53,-127
-54,-126
-54,-129
-24,-86
-27,-89
-30,-86
-27,-83
-13,-109
-42,-76
-42,-77
-9,-106
-8,-106
-25,-69
-13,-111
-25,-70
-14,-110
-26,-70
-12,-110
-14,-111
-12,-109
-9,-107
-8,-107
-26,-69
-49,-76
-43,-77
-43,-76
-47,-78
-48,-78
-49,-77
-47,-76
-48,-75
-46,-77
-44,-71
-46,-72
-44,-72
-46,-71
-45,-73
-45,-70
-35,-130
-8,-111
-8,-117
-11,-114
-5,-114
-36,-130
-36,-131
-35,-131
16,-188
21,-191
22,-190
17,-188
16,-189
22,-191
21,-190
17,-189
-15,-68
-14,-68
-15,-67
-14,-67
-26,-145
-27,-146
-26,-146
-27,-145
-22,-63
-20,-63
-22,-62
-20,-62
-21,-61
-21,-64
-169,-170
-14,-27
-168,-170
-168,-171
-169,-171
24,-186
24,-187
-27,-61
-44,-162
-26,-60
-28,-60
-45,-162
-45,-161
-27,-59
25,-187
25,-186
-20,-33
-22,-32
-44,-161
-19,-38
-20,-37
-22,-33
-20,-32
-21,-31
-21,-34
-19,-37
-43,-103
-20,-38
-44,-104
-43,-104
-44,-103
-21,-50
-41,-111
-22,-50
-22,-48
-41,-112
-42,-111
-20,-49
-20,-48
-21,-47
-23,-49
-42,-112
-41,-155
-42,-124
-170,-153
-168,-152
-168,-153
-170,-152
-169,-151
-43,-124
-169,-154
-43,-123
-42,-123
-26,-29
-27,-30
-27,-29
-25,-21
-25,-22
-26,-30
-26,-21
-26,-22
-15,-127
-15,-128
-14,-134
-14,-127
-14,-133
-13,-134
-12,-133
-13,-132
-14,-128
-188,-165
44,-103
44,-104
43,-104
-186,-165
-187,-166
-188,-166
-187,-164
43,-103
-186,-164
-176,-174
-177,-174
-177,-175
-176,-175
-119,-106
-118,-106
-118,-105
-119,-105
-2,-129
-3,-128
-3,-129
-2,-128
-162,-153
-163,-152
-162,-152
-164,-153
-163,-154
-58,-83
-117,-113
-5,-149
-8,-146
-58,-84
-61,-80
-57,-84
-62,-81
-56,-83
-61,-81
-62,-80
-57,-82
51,-121
50,-120
50,-121
51,-120
-57,-26
-55,-26
59,-118
-56,-25
-56,-27
59,-119
60,-120
61,-120
61,-118
60,-117
62,-119
-66,-28
-64,-28
-59,-28
-60,-30
-59,-30
-61,-28
-66,-27
-64,-27
-58,-29
-60,-27
-61,-29
-65,-29
-65,-26
-164,-166
-165,-167
-165,-168
-163,-167
-43,-23
-42,-23
-164,-169
-163,-168
-43,-22
-42,-22
-30,-42
-30,-44
-28,-44
-29,-45
-28,-43
-29,-42
-31,-43
-68,-88
-67,-88
-68,-90
-67,-90
-69,-89
-66,-89
-71,-81
-35,-22
-32,-25
54,-124
52,-126
54,-126
52,-125
53,-124
55,-125
53,-127
-39,-25
-38,-25
-34,-32
-38,-26
-33,-30
-33,-32
-34,-30
-39,-26
-32,-31
-35,-31
73,-134
-98,-73
-45,-189
-97,-72
-46,-189
-46,-188
-45,-187
-97,-73
-98,-72
-44,-188
70,-111
63,-157
71,-110
65,-147
68,-150
71,-147
68,-144
70,-108
64,-158
70,-107
71,-107
71,-111
-63,-74
-66,-77
-66,-71
-69,-74
70,-110
64,-157
71,-108
63,-158
64,-129
64,-130
63,-129
63,-130
60,-166
66,-166
63,-163
-25,-175
-24,-175
-24,-174
-25,-174
-157,-156
59,-91
-155,-154
59,-97
-155,-156
-157,-155
59,-92
-156,-154
59,-96
-156,-157
58,-91
-154,-155
58,-97
34,-95
34,-93
58,-92
58,-96
-26,-167
35,-95
35,-93
53,-81
36,-94
-40,-182
-39,-182
33,-94
67,-124
-27,-165
-40,-180
-39,-180
-27,-167
-26,-165
-41,-181
-38,-181
-25,-166
-28,-166
67,-126
52,-79
52,-81
53,-79
66,-124
66,-126
44,-80
54,-80
51,-80
68,-125
65,-125
46,-79
46,-80
44,-79
53,-153
-11,-177
-9,-177
-11,-167
-9,-167
-15,-173
-15,-171
-5,-173
-5,-171
45,-81
45,-78
-11,-176
-9,-176
-11,-168
-9,-168
-14,-173
-14,-171
-6,-173
-6,-171
-10,-175
-10,-169
-13,-172
-7,-172
-10,-178
-10,-166
-16,-172
-4,-172
-41,-170
-35,-177
-42,-170
-41,-171
-42,-171
2,-157
-1,-162
-2,-162
-2,-161
1,-157
2,-158
0,-161
1,-158
-1,-160
-34,-40
-35,-44
-37,-45
-37,-44
-35,-45
-33,-40
-10,-156
-36,-43
-33,-39
-36,-46
-21,-156
-34,-39
-21,-157
-39,-51
-22,-156
-10,-158
-9,-157
-38,-51
-11,-157
-39,-53
-38,-53
-22,-157
-40,-52
-37,-52
-11,-158
-88,-117
-86,-117
-88,-116
-86,-116
-87,-115
-87,-118
-42,-202
7,-129
6,-129
7,-128
6,-128
-94,-89
-95,-89
39,-196
39,-197
-95,-87
-94,-87
-93,-88
-96,-88
40,-197
44,-203
-170,-122
40,-196
-1,-135
0,-136
0,-133
-17,-189
44,-204
1,-135
-1,-133
-106,-123
43,-204
-2,-134
1,-134
43,-202
42,-203
-107,-122
-106,-124
37,-184
-108,-124
-108,-122
-107,-125
-109,-123
-117,-121
50,-198
-117,-120
49,-198
50,-197
49,-197
44,-192
43,-192
43,-193
44,-194
51,-191
45,-193
51,-192
52,-192
52,-191
-116,-130
-116,-129
-86,-123
-118,-130
-117,-129
-87,-123
-117,-131
-171,-130
-87,-124
-86,-124
40,-181
-176,-131
-114,-65
-76,-93
-77,-90
-114,-66
-75,-93
-176,-130
-177,-131
-78,-89
-75,-94
-178,-130
-115,-66
-115,-65
-76,-94
-78,-90
-77,-89
-92,-155
-118,-121
-177,-129
-103,-69
-106,-72
-109,-69
-106,-66
-118,-120
24,-172
23,-172
-87,-129
23,-171
24,-171
-88,-129
-76,-129
-77,-129
-76,-128
-88,-130
-77,-128
-87,-130
-143,-138
-144,-136
-144,-138
-143,-136
46,-188
-142,-137
-145,-137
46,-187
45,-188
45,-187
-103,-92
-103,-98
-106,-95
-100,-95
-61,-60
-58,-60
-60,-61
-60,-59
-58,-61
74,-208
-59,-59
-81,-110
-81,-97
-84,-107
-78,-107
-84,-100
-78,-100
-59,-62
75,-208
-50,-55
-51,-56
-50,-56
-51,-55
-99,-107
-97,-106
-97,-107
-99,-106
-98,-105
-98,-108
17,-136
14,-133
20,-133
17,-130
-161,-131
-161,-129
-151,-131
-151,-129
-157,-135
-155,-135
-157,-125
-155,-125
-160,-131
-160,-129
-152,-131
-152,-129
-157,-134
-155,-134
-157,-126
-155,-126
-104,-111
-159,-130
-153,-130
-156,-133
-156,-127
-162,-130
-150,-130
-156,-136
-156,-124
-108,-105
-105,-111
-109,-107
-108,-107
-109,-105
-104,-110
-110,-106
-107,-106
-105,-110
-43,-46
-43,-45
-42,-46
-41,-45
74,-207
-42,-44
75,-207
-58,-38
-55,-41
-55,-35
-52,-38
-129,-187
-127,-186
-127,-187
-129,-186
-128,-185
-128,-188
-118,-74
-117,-74
-118,-73
-117,-73
-125,-116
-132,-136
-128,-135
-125,-115
-132,-137
-124,-115
-133,-137
-124,-116
-133,-136
-128,-136
-129,-135
-129,-136
-84,-144
-87,-147
-131,-113
-130,-113
-143,-116
-131,-115
-130,-115
-143,-117
-141,-117
-141,-116
-132,-114
-129,-114
-142,-115
-142,-118
-78,-154
-79,-154
-126,-96
-123,-99
-120,-96
-123,-93
-72,-158
-70,-156
-78,-155
-71,-158
-70,-157
-72,-156
-73,-157
-71,-155
-79,-155
-77,-174
-120,-144
-120,-139
-121,-143
-75,-173
-120,-143
-75,-174
-77,-173
-118,-139
-121,-144
-76,-172
-84,-154
-76,-175
-120,-138
-118,-138
-85,-155
-119,-140
-119,-137
-85,-154
-84,-155
-112,-161
-97,-150
-103,-149
-113,-160
-110,-161
-112,-159
-63,-56
-66,-53
-111,-162
-102,-147
-102,-149
-103,-147
-104,-148
-101,-148
-59,-177
-58,-178
-552,-551
482,-590
-59,-178
-58,-177
-552,-550
482,-589
-519,-553
449,-592
-519,-552
449,-591
-124,-176
-123,-157
18,-154
-140,-169
-104,-154
-133,-159
26,-152
-125,-176
23,-160
-135,-161
-106,-192
-95,-134
-140,-170
-94,-167
-124,-178
-122,-178
-109,-166
25,-152
30,-159
-132,-156
-100,-157
-131,-156
-536,-548
466,-587
-95,-169
-144,-155
-66,-170
-108,-199
-110,-192
-533,-549
463,-588
-530,-555
-530,-549
460,-594
460,-588
-107,-160
-107,-159
-119,-173
26,-153
22,-159
-96,-181
-111,-171
-104,-170
-96,-167
29,-159
-109,-203
-63,-160
-115,-171
-109,-161
-537,-552
467,-591
-62,-155
40,-155
-63,-163
-99,-200
-142,-159
-105,-192
-103,-191
-528,-542
458,-581
-519,-536
449,-575
-82,-199
-513,-527
443,-566
-504,-521
434,-560
-498,-512
428,-551
-489,-506
419,-545
-483,-497
413,-536
-474,-491
404,-530
-468,-482
398,-521
-459,-476
389,-515
-453,-467
383,-506
-444,-461
374,-500
-438,-452
368,-491
-429,-446
359,-485
-423,-437
353,-476
-414,-431
344,-470
-408,-422
338,-461
-399,-416
329,-455
-393,-407
323,-446
-384,-401
314,-440
-378,-392
308,-431
-369,-386
299,-425
-363,-377
293,-416
-354,-371
284,-410
-348,-362
278,-401
-339,-356
269,-395
-333,-347
263,-386
-324,-341
254,-380
-279,159
-318,-332
248,-371
-309,-326
239,-365
-303,-317
233,-356
-294,-311
224,-350
-288,-302
218,-341
-279,-296
209,-335
-273,-287
203,-326
-264,-281
194,-320
-258,-272
188,-311
-249,-266
179,-305
-243,-257
173,-296
-234,-251
164,-290
-228,-242
158,-281
-219,-236
149,-275
-213,-227
143,-266
-204,-221
134,-260
-198,-212
128,-251
-189,-206
119,-245
-183,-197
113,-236
-174,-191
104,-230
-168,-182
98,-221
-159,-176
89,-215
-153,-167
83,-206
-146,-161
-145,-161
74,-200
68,-191
-637,466
-1019,-1168
-1312,1189
-1321,1195
-1327,1204
-1336,1210
-1342,1219
-1351,1225
-1357,1234
-1366,1240
-1372,1249
-1381,1255
-1387,1264
-1396,1270
-1402,1279
-1411,1285
-1417,1294
-1426,1300
-1432,1309
-1441,1315
-1447,1324
-1456,1330
-1462,1339
-1471,1345
-1477,1354
-1486,1360
-1492,1369
-1501,1375
-1507,1384
-1516,1390
-1522,1399
-1531,1405
-1537,1414
-1546,1420
-1552,1429
-1561,1435
-1567,1444
-1576,1450
-1582,1459
-1591,1465
-1597,1474
-1606,1480
-1612,1489
-1621,1495
-1627,1504
-1636,1510
-1642,1519
-1651,1525
-1672,1549
-1681,1555
-1687,1564
1746,1729
1752,1738
1761,1744
1767,1753
1776,1759
1782,1768
1791,1774
1797,1783
1827,1813
1836,1819
1842,1828
1851,1834
1857,1843
1866,1849
1872,1858
1881,1864
1887,1873
1896,1879
1902,1888
1911,1894
1917,1903
1926,1909
1932,1918
1941,1924
1947,1933
1956,1939
1962,1948
1971,1954
1977,1963
1986,1969
1992,1978
2001,1984
2007,1993
2016,1999
2022,2008
2031,2014
2037,2023
2046,2029
2052,2038
2061,2044
2067,2053
2076,2059
2082,2068
2091,2074
2097,2083
2106,2089
2112,2098
2121,2104
2127,2113
2136,2119
2142,2128
2151,2134
2157,2143
2166,2149
2172,2158
2181,2164
2187,2173
2196,2179
2202,2188
2211,2194
2217,2203
2226,2209
2232,2218
2241,2224
2247,2233
2256,2239
2262,2248
2271,2254
2277,2263
2286,2269
2292,2278
2301,2284
2307,2293
2316,2299
2322,2308
2331,2314
2337,2323
2346,2329
2352,2338
2361,2344
2367,2353
2376,2359
2382,2368
2457,2443
2472,2458
2481,2464
2487,2473
2496,2479
2502,2488
2511,2494
2517,2503
2526,2509
2532,2518
2541,2524
2547,2533
2556,2539
2562,2548
2571,2554
2577,2563
2586,2569
2592,2578
2601,2584
2607,2593
2616,2599
2622,2608
2631,2614
2637,2623
2646,2629
2652,2638
2661,2644
2667,2653
2676,2659
2682,2668
2691,2674
2697,2683
2706,2689
2712,2698
2721,2704
2727,2713
2736,2719
2742,2728
2751,2734
2757,2743
2766,2749
2772,2758
2781,2764
2787,2773
2796,2779
2802,2788
2811,2794
2817,2803
2826,2809
2832,2818
2841,2824
2847,2833
2856,2839
2862,2848
2871,2854
2877,2863
2886,2869
2892,2878
2901,2884
2907,2893
2916,2899
2922,2908
2931,2914
2937,2923
2946,2929
2952,2938
-3494,-3633
2961,2944
2967,2953
2976,2959
2982,2968
2991,2974
2997,2983
3006,2989
3012,2998
3021,3004
3027,3013
3036,3019
3042,3028
3051,3034
3057,3043
3066,3049
3072,3058
3081,3064
3087,3073
-3629,-3806
3096,3079
3102,3088
3111,3094
3117,3103
3126,3109
3132,3118
3141,3124
3147,3133
3156,3139
3162,3148
3171,3154
3177,3163
3186,3169
3192,3178
3201,3184
3207,3193
3216,3199
3222,3208
3231,3214
3237,3223
3246,3229
3252,3238
3261,3244
3267,3253
3276,3259
3282,3268
3291,3274
3297,3283
3306,3289
3312,3298
3321,3304
3327,3313
3336,3319
3342,3328
3351,3334
3357,3343
3366,3349
3372,3358
3381,3364
3387,3373
3825,-4045
3396,3379
3402,3388
3411,3394
3417,3403
3426,3409
3432,3418
3441,3424
3447,3433
3456,3439
3462,3448
3471,3454
3477,3463
3486,3469
3492,3478
3501,3484
3507,3493
3516,3499
3522,3508
3531,3514
3537,3523
3546,3529
3552,3538
3561,3544
3567,3553
3576,3559
3582,3568
3591,3574
3597,3583
3606,3589
3612,3598
3621,3604
3627,3613
3636,3619
3642,3628
3651,3634
4146,4131
3657,3643
3666,3649
3912,3898
3921,3904
3927,3913
3936,3919
3942,3928
3951,3934
3957,3943
3966,3949
3972,3958
3981,3964
3987,3973
3996,3979
4002,3988
4011,3994
4017,4003
4026,4009
4032,4018
4041,4024
4047,4033
4056,4039
4062,4048
4071,4054
4077,4063
4086,4069
4092,4078
4101,4084
4107,4093
4161,4144
4167,4153
4176,4159
4182,4168
4191,4174
4197,4183
4251,4234
4296,4279
4302,4288
4311,4294
4317,4303
4326,4309
4215,-4309
-4326,-4283
3817,3745
3568,-3572
3042,-3014
-2742,-2886
136,222
-329,59
-83,-207
-106,-187
-64,-164
23,-161
-122,-179
-530,-554
-530,-550
460,-593
460,-589
-91,-177
24,-166
34,-144
-105,-193
-66,-163
30,-160
-93,-170
40,-154
-97,-181
-133,-161
24,-153
-108,-203
-102,-193
-108,-157
-110,-162
-125,-157
42,-157
-538,-552
-538,-549
-536,-549
468,-591
466,-588
468,-588
23,-156
-105,-154
-103,-153
-108,-161
38,-147
34,-147
-132,-160
-62,-163
-99,-199
-107,-172
-94,-166
-527,-542
457,-581
-519,-535
449,-574
-512,-527
442,-566
-504,-520
434,-559
-497,-512
427,-551
-489,-505
419,-544
-482,-497
412,-536
-474,-490
404,-529
-467,-482
397,-521
-459,-475
389,-514
-452,-467
382,-506
-444,-460
374,-499
-437,-452
367,-491
-429,-445
359,-484
-422,-437
352,-476
-414,-430
344,-469
-407,-422
337,-461
-399,-415
329,-454
-392,-407
322,-446
-384,-400
314,-439
-377,-392
307,-431
-369,-385
299,-424
-362,-377
292,-416
-354,-370
284,-409
-347,-362
277,-401
-339,-355
269,-394
-332,-347
262,-386
-324,-340
254,-379
-279,160
-317,-332
247,-371
-309,-325
239,-364
-302,-317
232,-356
-294,-310
224,-349
-287,-302
217,-341
-279,-295
209,-334
-272,-287
202,-326
-264,-280
194,-319
-257,-272
187,-311
-249,-265
179,-304
-242,-257
172,-296
-234,-250
164,-289
-227,-242
157,-281
-219,-235
149,-274
-212,-227
142,-266
-204,-220
134,-259
-197,-212
127,-251
-189,-205
119,-244
-182,-197
112,-236
-174,-190
104,-229
-167,-182
97,-221
-159,-175
89,-214
-152,-167
82,-206
74,-199
67,-191
-638,466
-1313,1189
-1321,1196
-1328,1204
-1336,1211
-1343,1219
-1351,1226
-1358,1234
-1366,1241
-1373,1249
-1381,1256
-1388,1264
-1396,1271
-1403,1279
-1411,1286
-1418,1294
-1426,1301
-1433,1309
-1441,1316
-1448,1324
-1456,1331
-1463,1339
-1471,1346
-1478,1354
-1486,1361
-1493,1369
-1501,1376
-1508,1384
-1516,1391
-1523,1399
-1531,1406
-1538,1414
-1546,1421
-1553,1429
-1561,1436
-1568,1444
-1576,1451
-1583,1459
-1591,1466
-1598,1474
-1606,1481
-1613,1489
-1621,1496
-1628,1504
-1636,1511
-1643,1519
-1651,1526
-1673,1549
-1681,1556
-1688,1564
1746,1730
1753,1738
1761,1745
1768,1753
1776,1760
1783,1768
1791,1775
1798,1783
1828,1813
1836,1820
1843,1828
1851,1835
1858,1843
1866,1850
1873,1858
1881,1865
1888,1873
1896,1880
1903,1888
1911,1895
1918,1903
1926,1910
1933,1918
1941,1925
1948,1933
1956,1940
1963,1948
1971,1955
1978,1963
1986,1970
1993,1978
2001,1985
2008,1993
2016,2000
2023,2008
2031,2015
2038,2023
2046,2030
2053,2038
2061,2045
2068,2053
2076,2060
2083,2068
2091,2075
2098,2083
2106,2090
2113,2098
2121,2105
2128,2113
2136,2120
2143,2128
2151,2135
2158,2143
2166,2150
2173,2158
2181,2165
2188,2173
2196,2180
2203,2188
2211,2195
2218,2203
2226,2210
2233,2218
2241,2225
2248,2233
2256,2240
2263,2248
2271,2255
2278,2263
2286,2270
2293,2278
2301,2285
2308,2293
2316,2300
2323,2308
2331,2315
2338,2323
2346,2330
2353,2338
2361,2345
2368,2353
2376,2360
2383,2368
2458,2443
2473,2458
2481,2465
2488,2473
2496,2480
2503,2488
2511,2495
2518,2503
2526,2510
2533,2518
2541,2525
2548,2533
2556,2540
2563,2548
2571,2555
2578,2563
2586,2570
2593,2578
2601,2585
2608,2593
2616,2600
2623,2608
2631,2615
2638,2623
2646,2630
2653,2638
2661,2645
2668,2653
2676,2660
2683,2668
2691,2675
2698,2683
2706,2690
2713,2698
2721,2705
2728,2713
2736,2720
2743,2728
2751,2735
2758,2743
2766,2750
2773,2758
2781,2765
2788,2773
2796,2780
2803,2788
2811,2795
2818,2803
2826,2810
2833,2818
2841,2825
2848,2833
2856,2840
2863,2848
2871,2855
2878,2863
2886,2870
2893,2878
2901,2885
2908,2893
2916,2900
2923,2908
2931,2915
2938,2923
2946,2930
2953,2938
-3494,-3634
2961,2945
2968,2953
2976,2960
2983,2968
2991,2975
2998,2983
3006,2990
3013,2998
3021,3005
3028,3013
3036,3020
3043,3028
3051,3035
3058,3043
3066,3050
3073,3058
3081,3065
3088,3073
-3628,-3807
3096,3080
3103,3088
3111,3095
3118,3103
3126,3110
3133,3118
3141,3125
3148,3133
3156,3140
3163,3148
3171,3155
3178,3163
3186,3170
3193,3178
3201,3185
3208,3193
3216,3200
3223,3208
3231,3215
3238,3223
3246,3230
3253,3238
3261,3245
3268,3253
3276,3260
3283,3268
3291,3275
3298,3283
3306,3290
3313,3298
3321,3305
3328,3313
3336,3320
3343,3328
3351,3335
3358,3343
3366,3350
3373,3358
3381,3365
3388,3373
3396,3380
3403,3388
3411,3395
3418,3403
3426,3410
3433,3418
3441,3425
3448,3433
3456,3440
3463,3448
3471,3455
3478,3463
3486,3470
3493,3478
3501,3485
3508,3493
3516,3500
3523,3508
3531,3515
3538,3523
3546,3530
3553,3538
3561,3545
3568,3553
3576,3560
3583,3568
3591,3575
3598,3583
3606,3590
3613,3598
3621,3605
3628,3613
3636,3620
3643,3628
3651,3635
3658,3643
3666,3650
3913,3898
3921,3905
3928,3913
3936,3920
3943,3928
3951,3935
3958,3943
3966,3950
3973,3958
3981,3965
3988,3973
3996,3980
4003,3988
4011,3995
4018,4003
4026,4010
4033,4018
4041,4025
4048,4033
4056,4040
4063,4048
4071,4055
4078,4063
4086,4070
4093,4078
4101,4085
4108,4093
4161,4145
4168,4153
4176,4160
4183,4168
4191,4175
4198,4183
4251,4235
4296,4280
4303,4288
4311,4295
4318,4303
4326,4310
4216,-4308
-4326,-4284
4147,4131
3826,-4044
3817,3746
3568,-3573
3042,-3015
-2742,-2887
-1019,-1169
137,222
-328,60
-84,-206
-81,-200
25,-166
-127,-165
-140,-161
-131,-155
-99,-156
-135,-157
-93,-169
-104,-185
-93,-179
-63,-157
-104,-195
-133,-162
-108,-166
-142,-166
-99,-172
-59,-160
35,-149
-145,-156
-144,-156
-534,-550
464,-589
-96,-182
-529,-555
-529,-549
459,-594
459,-588
-106,-158
-142,-158
-103,-193
-106,-188
-123,-180
-111,-172
-125,-167
-115,-172
-137,-161
-107,-157
-110,-182
-146,-160
-110,-190
-124,-156
-123,-175
43,-155
-542,-553
-542,-552
-542,-548
-542,-547
472,-592
472,-591
472,-587
472,-586
-142,-170
-104,-155
-134,-158
-126,-177
-106,-191
32,-145
-135,-158
-132,-154
-101,-155
-105,-169
-103,-190
-93,-167
-92,-179
-93,-177
-119,-174
-117,-172
-62,-157
-64,-156
-526,-543
456,-582
-520,-534
450,-573
-511,-528
441,-567
-505,-519
435,-558
-496,-513
426,-552
-490,-504
420,-543
-481,-498
411,-537
-475,-489
405,-528
-466,-483
396,-522
-460,-474
390,-513
-451,-468
381,-507
-445,-459
375,-498
-436,-453
366,-492
-430,-444
360,-483
-421,-438
351,-477
-415,-429
345,-468
-406,-423
336,-462
-400,-414
330,-453
-391,-408
321,-447
-385,-399
315,-438
-376,-393
306,-432
-370,-384
300,-423
-361,-378
291,-417
-355,-369
285,-408
-346,-363
276,-402
-340,-354
270,-393
-331,-348
261,-387
-325,-339
255,-378
-278,161
-316,-333
246,-372
-310,-324
240,-363
-301,-318
231,-357
-295,-309
225,-348
-286,-303
216,-342
-280,-294
210,-333
-271,-288
201,-327
-265,-279
195,-318
-256,-273
186,-312
-250,-264
180,-303
-241,-258
171,-297
-235,-249
165,-288
-226,-243
156,-282
-220,-234
150,-273
-211,-228
141,-267
-205,-219
135,-258
-196,-213
126,-252
-190,-204
120,-243
-181,-198
111,-237
-175,-189
105,-228
-166,-183
96,-222
-160,-174
90,-213
-151,-168
81,-207
75,-198
66,-192
-639,465
-1314,1188
-1320,1197
-1329,1203
-1335,1212
-1344,1218
-1350,1227
-1359,1233
-1365,1242
-1374,1248
-1380,1257
-1389,1263
-1395,1272
-1404,1278
-1410,1287
-1419,1293
-1425,1302
-1434,1308
-1440,1317
-1449,1323
-1455,1332
-1464,1338
-1470,1347
-1479,1353
-1485,1362
-1494,1368
-1500,1377
-1509,1383
-1515,1392
-1524,1398
-1530,1407
-1539,1413
-1545,1422
-1554,1428
-1560,1437
-1569,1443
-1575,1452
-1584,1458
-1590,1467
-1599,1473
-1605,1482
-1614,1488
-1620,1497
-1629,1503
-1635,1512
-1644,1518
-1650,1527
-1674,1548
-1680,1557
-1689,1563
1745,1731
1754,1737
1760,1746
1769,1752
1775,1761
1784,1767
1790,1776
1799,1782
1829,1812
1835,1821
1844,1827
1850,1836
1859,1842
1865,1851
1874,1857
1880,1866
1889,1872
1895,1881
1904,1887
1910,1896
1919,1902
1925,1911
1934,1917
1940,1926
1949,1932
1955,1941
1964,1947
1970,1956
1979,1962
1985,1971
1994,1977
2000,1986
2009,1992
2015,2001
2024,2007
2030,2016
2039,2022
2045,2031
2054,2037
2060,2046
2069,2052
2075,2061
2084,2067
2090,2076
2099,2082
2105,2091
2114,2097
2120,2106
2129,2112
2135,2121
2144,2127
2150,2136
2159,2142
2165,2151
2174,2157
2180,2166
2189,2172
2195,2181
-2741,-2888
2204,2187
2210,2196
2219,2202
2225,2211
2234,2217
2240,2226
2249,2232
2255,2241
2264,2247
2270,2256
2279,2262
2285,2271
2294,2277
2300,2286
2309,2292
2315,2301
2324,2307
2330,2316
2339,2322
2345,2331
2354,2337
2360,2346
2369,2352
2375,2361
2384,2367
2459,2442
2474,2457
2480,2466
2489,2472
2495,2481
2504,2487
2510,2496
2519,2502
2525,2511
2534,2517
2540,2526
2549,2532
2555,2541
2564,2547
2570,2556
2579,2562
2585,2571
2594,2577
2600,2586
2609,2592
2615,2601
2624,2607
2630,2616
2639,2622
2645,2631
2654,2637
2660,2646
2669,2652
2675,2661
2684,2667
2690,2676
2699,2682
2705,2691
2714,2697
2720,2706
2729,2712
2735,2721
2744,2727
2750,2736
2759,2742
2765,2751
2774,2757
2780,2766
2789,2772
2795,2781
2804,2787
2810,2796
2819,2802
2825,2811
2834,2817
2840,2826
2849,2832
2855,2841
2864,2847
2870,2856
2879,2862
2885,2871
2894,2877
2900,2886
2909,2892
2915,2901
2924,2907
2930,2916
2939,2922
2945,2931
2954,2937
2960,2946
2969,2952
2975,2961
2984,2967
2990,2976
2999,2982
3005,2991
3014,2997
3020,3006
3029,3012
3035,3021
3044,3027
3050,3036
3059,3042
3065,3051
3074,3057
3080,3066
3089,3072
3095,3081
3104,3087
3110,3096
3119,3102
3125,3111
3134,3117
3140,3126
3149,3132
3155,3141
3164,3147
3170,3156
3179,3162
3185,3171
3194,3177
3200,3186
3209,3192
3215,3201
3224,3207
3230,3216
3239,3222
3245,3231
3254,3237
3260,3246
3269,3252
3275,3261
3284,3267
3290,3276
3299,3282
3305,3291
3816,3747
3314,3297
3320,3306
3329,3312
3335,3321
3344,3327
3350,3336
3359,3342
3365,3351
3374,3357
3380,3366
3389,3372
3395,3381
3404,3387
3410,3396
3419,3402
3425,3411
3434,3417
3440,3426
3449,3432
3455,3441
3464,3447
3470,3456
3479,3462
3485,3471
3494,3477
3500,3486
3509,3492
3515,3501
3524,3507
3530,3516
3539,3522
3545,3531
3554,3537
3560,3546
3569,3552
3575,3561
3584,3567
3590,3576
3599,3582
3605,3591
3614,3597
3620,3606
3629,3612
3635,3621
3644,3627
3650,3636
3659,3642
4148,4130
3665,3651
3914,3897
3920,3906
3929,3912
3935,3921
3944,3927
3950,3936
3959,3942
3965,3951
3974,3957
3980,3966
3989,3972
3995,3981
4004,3987
4010,3996
4019,4002
4025,4011
4034,4017
4040,4026
4049,4032
4055,4041
4064,4047
4070,4056
4079,4062
4085,4071
4094,4077
4100,4086
4109,4092
4160,4146
4169,4152
4175,4161
4184,4167
4190,4176
4199,4182
4250,4236
4295,4281
4304,4287
4310,4296
4319,4302
4325,4311
4216,-4309
-4325,-4285
3826,-4045
-3629,-3807
3567,-3574
-3493,-3635
3041,-3016
-1018,-1170
138,221
-329,60
-84,-207
-82,-200
-125,-179
-121,-179
-109,-167
-120,-175
-122,-174
-102,-155
-98,-159
-100,-161
-100,-159
-100,-198
-535,-548
465,-587
-96,-169
-92,-169
35,-150
-104,-184
-144,-154
25,-154
-533,-550
463,-589
-141,-159
39,-148
-58,-160
-102,-191
22,-158
-134,-163
-117,-175
-115,-175
-99,-163
-97,-167
-99,-169
-140,-156
-141,-155
-546,-551
-546,-549
476,-590
476,-588
-106,-157
41,-157
42,-155
-62,-154
-144,-168
-142,-167
32,-147
-63,-164
-109,-182
-96,-171
-95,-171
-125,-163
-145,-160
-105,-187
-101,-172
-119,-170
-108,-170
-91,-178
-95,-165
24,-167
22,-157
-94,-171
-123,-165
-132,-161
-103,-194
-58,-162
-58,-161
-526,-552
456,-591
-111,-189
-109,-157
-105,-174
-97,-161
-141,-161
-97,-162
-120,-178
-143,-157
86,-170
88,-170
124,-169
124,-167
95,-176
97,-176
36,-217
36,-215
32,-213
34,-213
76,-84
78,-84
40,-69
42,-69
38,-67
38,-65
44,-67
44,-65
40,-63
42,-63
32,-68
32,-66
14,-60
16,-60
-35,-226
-33,-226
-31,-209
-29,-209
24,-98
26,-98
22,-102
22,-100
18,-98
20,-98
22,-96
22,-94
4,-120
4,-118
-14,-240
-14,-238
-18,-236
-16,-236
-12,-236
-10,-236
-14,-234
-14,-232
82,-156
84,-156
14,-238
14,-236
29,-224
31,-224
27,-228
27,-226
27,-222
27,-220
7,-218
9,-218
15,-226
15,-224
11,-228
13,-228
9,-226
9,-224
11,-222
13,-222
44,-208
46,-208
90,-208
90,-206
-12,-73
-12,-71
-55,-118
-55,-116
-25,-86
-23,-86
-27,-90
-27,-88
-31,-86
-29,-86
-27,-84
-27,-82
-9,-111
-7,-111
-9,-117
-7,-117
-11,-115
-11,-113
-5,-115
-5,-113
-15,-27
-13,-27
-41,-156
-41,-154
-117,-114
-117,-112
-6,-149
-4,-149
-8,-147
-8,-145
-71,-82
-71,-80
-36,-22
-34,-22
-32,-26
-32,-24
72,-134
74,-134
64,-147
66,-147
68,-151
68,-149
70,-147
72,-147
68,-145
68,-143
-63,-75
-63,-73
-67,-77
-65,-77
-67,-71
-65,-71
-69,-75
-69,-73
59,-166
61,-166
65,-166
67,-166
63,-164
63,-162
53,-154
53,-152
-36,-177
-34,-177
-43,-202
-41,-202
-170,-123
-170,-121
-17,-190
-17,-188
37,-185
37,-183
-172,-130
-170,-130
39,-181
41,-181
-92,-156
-92,-154
-103,-70
-103,-68
-107,-72
-105,-72
-109,-70
-109,-68
-107,-66
-105,-66
-104,-92
-102,-92
-104,-98
-102,-98
-106,-96
-106,-94
-100,-96
-100,-94
-82,-110
-80,-110
-82,-97
-80,-97
-84,-108
-84,-106
-78,-108
-78,-106
-84,-101
-84,-99
-78,-101
-78,-99
17,-137
17,-135
13,-133
15,-133
19,-133
21,-133
17,-131
17,-129
-58,-39
-58,-37
-56,-41
-54,-41
-56,-35
-54,-35
-52,-39
-52,-37
-85,-144
-83,-144
-87,-148
-87,-146
-126,-97
-126,-95
-124,-99
-122,-99
-120,-97
-120,-95
-124,-93
-122,-93
-112,-160
-111,-160
-97,-151
-97,-149
-113,-159
-110,-160
-111,-158
-63,-57
-63,-55
-67,-53
-65,-53
-123,-177
-124,-175
17,-154
19,-154
-143,-170
-141,-168
-105,-155
-103,-155
-105,-153
-134,-160
-134,-159
-141,-171
22,-161
22,-160
24,-160
23,-159
-136,-160
-105,-171
-105,-170
-103,-170
-106,-193
-109,-202
-96,-134
-94,-134
-99,-157
-93,-166
-94,-178
-64,-157
-64,-155
-121,-177
-122,-175
-121,-175
25,-159
26,-159
29,-160
-133,-155
-101,-158
-100,-158
-108,-159
-110,-158
-539,-552
469,-591
35,-148
36,-148
-145,-154
-143,-154
-67,-171
-65,-170
-108,-200
-107,-200
-108,-198
-527,-544
-526,-542
457,-583
456,-581
-521,-535
-519,-534
451,-574
449,-573
-512,-529
-511,-527
442,-568
441,-566
-506,-520
-504,-519
436,-559
434,-558
-497,-514
-496,-512
427,-553
426,-551
-491,-505
-489,-504
421,-544
419,-543
-482,-499
-481,-497
412,-538
411,-536
-476,-490
-474,-489
406,-529
404,-528
-467,-484
-466,-482
397,-523
396,-521
-461,-475
-459,-474
391,-514
389,-513
-452,-469
-451,-467
382,-508
381,-506
-446,-460
-444,-459
376,-499
374,-498
-437,-454
-436,-452
367,-493
366,-491
-431,-445
-429,-444
361,-484
359,-483
-422,-439
-421,-437
352,-478
351,-476
-416,-430
-414,-429
346,-469
344,-468
-407,-424
-406,-422
337,-463
336,-461
-401,-415
-399,-414
331,-454
329,-453
-392,-409
-391,-407
322,-448
321,-446
-386,-400
-384,-399
316,-439
314,-438
-377,-394
-376,-392
307,-433
306,-431
-371,-385
-369,-384
301,-424
299,-423
-362,-379
-361,-377
292,-418
291,-416
-356,-370
-354,-369
286,-409
284,-408
-347,-364
-346,-362
277,-403
276,-401
-341,-355
-339,-354
271,-394
269,-393
-332,-349
-331,-347
262,-388
261,-386
-326,-340
-324,-339
256,-379
254,-378
-277,160
-279,161
-317,-334
-316,-332
247,-373
246,-371
-311,-325
-309,-324
241,-364
239,-363
-302,-319
-301,-317
232,-358
231,-356
-296,-310
-294,-309
226,-349
224,-348
-287,-304
-286,-302
217,-343
216,-341
-281,-295
-279,-294
211,-334
209,-333
-272,-289
-271,-287
202,-328
201,-326
-266,-280
-264,-279
196,-319
194,-318
-257,-274
-256,-272
187,-313
186,-311
-251,-265
-249,-264
181,-304
179,-303
-242,-259
-241,-257
172,-298
171,-296
-236,-250
-234,-249
166,-289
164,-288
-227,-244
-226,-242
157,-283
156,-281
-221,-235
-219,-234
151,-274
149,-273
-212,-229
-211,-227
142,-268
141,-266
-206,-220
-204,-219
136,-259
134,-258
-197,-214
-196,-212
127,-253
126,-251
-191,-205
-189,-204
121,-244
119,-243
-182,-199
-181,-197
112,-238
111,-236
-176,-190
-174,-189
106,-229
104,-228
-167,-184
-166,-182
97,-223
96,-221
-161,-175
-159,-174
91,-214
89,-213
-152,-169
-151,-167
82,-208
81,-206
76,-199
74,-198
67,-193
66,-191
-1313,1187
-1314,1189
-1319,1196
-1321,1197
-1328,1202
-1329,1204
-1334,1211
-1336,1212
-1343,1217
-1344,1219
-1349,1226
-1351,1227
-1358,1232
-1359,1234
-1364,1241
-1366,1242
-1373,1247
-1374,1249
-1379,1256
-1381,1257
-1388,1262
-1389,1264
-1394,1271
-1396,1272
-1403,1277
-1404,1279
-1409,1286
-1411,1287
-1418,1292
-1419,1294
-1424,1301
-1426,1302
-1433,1307
-1434,1309
-1439,1316
-1441,1317
-1448,1322
-1449,1324
-1454,1331
-1456,1332
-1463,1337
-1464,1339
-1469,1346
-1471,1347
-1478,1352
-1479,1354
-1484,1361
-1486,1362
-1493,1367
-1494,1369
-1499,1376
-1501,1377
-1508,1382
-1509,1384
-1514,1391
-1516,1392
-1523,1397
-1524,1399
-1529,1406
-1531,1407
-1538,1412
-1539,1414
-1544,1421
-1546,1422
-1553,1427
-1554,1429
-1559,1436
-1561,1437
-1568,1442
-1569,1444
-1574,1451
-1576,1452
-1583,1457
-1584,1459
-1589,1466
-1591,1467
-1598,1472
-1599,1474
-1604,1481
-1606,1482
-1613,1487
-1614,1489
-1619,1496
-1621,1497
-1628,1502
-1629,1504
-1634,1511
-1636,1512
-1643,1517
-1644,1519
-1649,1526
-1651,1527
-1673,1547
-1674,1549
-1679,1556
-1681,1557
-1688,1562
-1689,1564
1744,1730
1746,1731
1753,1736
1754,1738
1759,1745
1761,1746
1768,1751
1769,1753
1774,1760
1776,1761
1783,1766
1784,1768
1789,1775
1791,1776
1798,1781
1799,1783
1828,1811
1829,1813
1834,1820
1836,1821
1843,1826
1844,1828
1849,1835
1851,1836
1858,1841
1859,1843
1864,1850
1866,1851
1873,1856
1874,1858
1879,1865
1881,1866
1888,1871
1889,1873
1894,1880
1896,1881
1903,1886
1904,1888
1909,1895
1911,1896
1918,1901
1919,1903
1924,1910
1926,1911
1933,1916
1934,1918
1939,1925
1941,1926
1948,1931
1949,1933
1954,1940
1956,1941
1963,1946
1964,1948
1969,1955
1971,1956
1978,1961
1979,1963
1984,1970
1986,1971
1993,1976
1994,1978
1999,1985
2001,1986
2008,1991
2009,1993
2014,2000
2016,2001
2023,2006
2024,2008
2029,2015
2031,2016
2038,2021
2039,2023
2044,2030
2046,2031
2053,2036
2054,2038
2059,2045
2061,2046
2068,2051
2069,2053
2074,2060
2076,2061
2083,2066
2084,2068
2089,2075
2091,2076
2098,2081
2099,2083
2104,2090
2106,2091
2113,2096
2114,2098
2119,2105
2121,2106
2128,2111
2129,2113
2134,2120
2136,2121
2143,2126
2144,2128
2149,2135
2151,2136
2158,2141
2159,2143
2164,2150
2166,2151
2173,2156
2174,2158
2179,2165
2181,2166
2188,2171
2189,2173
2194,2180
2196,2181
-2742,-2888
-2740,-2887
2203,2186
2204,2188
2209,2195
2211,2196
2218,2201
2219,2203
2224,2210
2226,2211
2233,2216
2234,2218
2239,2225
2241,2226
2248,2231
2249,2233
2254,2240
2256,2241
2263,2246
2264,2248
2269,2255
2271,2256
2278,2261
2279,2263
2284,2270
2286,2271
2293,2276
2294,2278
2299,2285
2301,2286
2308,2291
2309,2293
2314,2300
2316,2301
2323,2306
2324,2308
2329,2315
2331,2316
2338,2321
2339,2323
2344,2330
2346,2331
2353,2336
2354,2338
2359,2345
2361,2346
2368,2351
2369,2353
2374,2360
2376,2361
2383,2366
2384,2368
2458,2441
2459,2443
2473,2456
2474,2458
2479,2465
2481,2466
2488,2471
2489,2473
2494,2480
2496,2481
2503,2486
2504,2488
2509,2495
2511,2496
2518,2501
2519,2503
2524,2510
2526,2511
2533,2516
2534,2518
2539,2525
2541,2526
2548,2531
2549,2533
2554,2540
2556,2541
2563,2546
2564,2548
2569,2555
2571,2556
2578,2561
2579,2563
2584,2570
2586,2571
2593,2576
2594,2578
2599,2585
2601,2586
2608,2591
2609,2593
2614,2600
2616,2601
2623,2606
2624,2608
2629,2615
2631,2616
2638,2621
2639,2623
2644,2630
2646,2631
2653,2636
2654,2638
2659,2645
2661,2646
2668,2651
2669,2653
2674,2660
2676,2661
2683,2666
2684,2668
2689,2675
2691,2676
2698,2681
2699,2683
2704,2690
2706,2691
2713,2696
2714,2698
2719,2705
2721,2706
2728,2711
2729,2713
2734,2720
2736,2721
2743,2726
2744,2728
2749,2735
2751,2736
2758,2741
2759,2743
2764,2750
2766,2751
2773,2756
2774,2758
2779,2765
2781,2766
2788,2771
2789,2773
2794,2780
2796,2781
2803,2786
2804,2788
2809,2795
2811,2796
2818,2801
2819,2803
2824,2810
2826,2811
2833,2816
2834,2818
2839,2825
2841,2826
2848,2831
2849,2833
2854,2840
2856,2841
2863,2846
2864,2848
2869,2855
2871,2856
2878,2861
2879,2863
2884,2870
2886,2871
2893,2876
2894,2878
2899,2885
2901,2886
2908,2891
2909,2893
2914,2900
2916,2901
2923,2906
2924,2908
2929,2915
2931,2916
2938,2921
2939,2923
2944,2930
2946,2931
2953,2936
2954,2938
2959,2945
2961,2946
2968,2951
2969,2953
2974,2960
2976,2961
2983,2966
2984,2968
2989,2975
2991,2976
2998,2981
2999,2983
3004,2990
3006,2991
3013,2996
3014,2998
3019,3005
3021,3006
3028,3011
3029,3013
3034,3020
3036,3021
3043,3026
3044,3028
3049,3035
3051,3036
3058,3041
3059,3043
3064,3050
3066,3051
3073,3056
3074,3058
3079,3065
3081,3066
3088,3071
3089,3073
-3630,-3806
-3628,-3805
3094,3080
3096,3081
3103,3086
3104,3088
3109,3095
3111,3096
3118,3101
3119,3103
3124,3110
3126,3111
3133,3116
3134,3118
3139,3125
3141,3126
3148,3131
3149,3133
3154,3140
3156,3141
3163,3146
3164,3148
3169,3155
3171,3156
3178,3161
3179,3163
3184,3170
3186,3171
3193,3176
3194,3178
3199,3185
3201,3186
3208,3191
3209,3193
3214,3200
3216,3201
3223,3206
3224,3208
3229,3215
3231,3216
3238,3221
3239,3223
3244,3230
3246,3231
3253,3236
3254,3238
3259,3245
3261,3246
3268,3251
3269,3253
3274,3260
3276,3261
3283,3266
3284,3268
3289,3275
3291,3276
3298,3281
3299,3283
3304,3290
3306,3291
3815,3746
3817,3747
3313,3296
3314,3298
3319,3305
3321,3306
3328,3311
3329,3313
3334,3320
3336,3321
3343,3326
3344,3328
3349,3335
3351,3336
3358,3341
3359,3343
3364,3350
3366,3351
3373,3356
3374,3358
3379,3365
3381,3366
3388,3371
3389,3373
3394,3380
3396,3381
3403,3386
3404,3388
3409,3395
3411,3396
3418,3401
3419,3403
3424,3410
3426,3411
3433,3416
3434,3418
3439,3425
3441,3426
3448,3431
3449,3433
3454,3440
3456,3441
3463,3446
3464,3448
3469,3455
3471,3456
3478,3461
3479,3463
3484,3470
3486,3471
3493,3476
3494,3478
3499,3485
3501,3486
3508,3491
3509,3493
3514,3500
3516,3501
3523,3506
3524,3508
3529,3515
3531,3516
3538,3521
3539,3523
3544,3530
3546,3531
3553,3536
3554,3538
3559,3545
3561,3546
3568,3551
3569,3553
3574,3560
3576,3561
3583,3566
3584,3568
3589,3575
3591,3576
3598,3581
3599,3583
3604,3590
3606,3591
3613,3596
3614,3598
3619,3605
3621,3606
3628,3611
3629,3613
3634,3620
3636,3621
3643,3626
3644,3628
3649,3635
3651,3636
4147,4129
4148,4131
3658,3641
3659,3643
3664,3650
3666,3651
3913,3896
3914,3898
3919,3905
3921,3906
3928,3911
3929,3913
3934,3920
3936,3921
3943,3926
3944,3928
3949,3935
3951,3936
3958,3941
3959,3943
3964,3950
3966,3951
3973,3956
3974,3958
3979,3965
3981,3966
3988,3971
3989,3973
3994,3980
3996,3981
4003,3986
4004,3988
4009,3995
4011,3996
4018,4001
4019,4003
4024,4010
4026,4011
4033,4016
4034,4018
4039,4025
4041,4026
4048,4031
4049,4033
4054,4040
4056,4041
4063,4046
4064,4048
4069,4055
4071,4056
4078,4061
4079,4063
4084,4070
4086,4071
4093,4076
4094,4078
4099,4085
4101,4086
4108,4091
4109,4093
4159,4145
4161,4146
4168,4151
4169,4153
4174,4160
4176,4161
4183,4166
4184,4168
4189,4175
4191,4176
4198,4181
4199,4183
4249,4235
4251,4236
4294,4280
4296,4281
4303,4286
4304,4288
4309,4295
4311,4296
4318,4301
4319,4303
4324,4310
4326,4311
4215,-4310
4214,-4308
-4326,-4285
-4324,-4284
3825,-4046
3824,-4044
3568,-3574
3566,-3573
-3494,-3635
-3492,-3634
3042,-3016
3040,-3015
-1019,-1170
-1017,-1169
-638,464
-639,466
137,220
138,222
-328,58
-330,59
-83,-208
-82,-206
-83,-199
-81,-198
-110,-193
-534,-548
464,-587
-106,-159
39,-149
37,-147
39,-147
-118,-174
-118,-173
-118,-172
21,-158
23,-158
-101,-199
-99,-198
-116,-176
-104,-169
-98,-165
-99,-164
-109,-178
-98,-171
-98,-170
-108,-204
-108,-202
-63,-161
-547,-550
477,-589
-107,-176
-106,-176
-63,-154
40,-156
-144,-169
-144,-167
-106,-167
-62,-164
-64,-163
-62,-162
-108,-185
-109,-184
-110,-183
-108,-182
-143,-158
-141,-158
-104,-190
-102,-190
-107,-186
-65,-164
-124,-180
-122,-180
-121,-170
-92,-176
25,-167
23,-166
24,-165
25,-165
34,-145
33,-144
34,-143
-67,-163
-65,-162
-142,-156
-141,-156
-126,-167
-127,-166
-101,-169
-100,-168
-92,-170
-104,-183
-105,-196
-105,-195
-132,-162
-107,-202
-102,-194
-59,-162
-526,-553
-526,-551
456,-592
456,-590
38,-150
-109,-156
-108,-156
-107,-156
-143,-166
24,-155
-102,-154
-107,-170
33,-148
34,-148
34,-146
-105,-189
-104,-189
-135,-163
-97,-160
-106,-173
-126,-178
-139,-161
-134,-157
-104,-186
-103,-195
42,-154
-142,-165
-142,-164
-100,-173
-59,-159
-527,-554
-527,-550
457,-593
457,-589
-145,-157
-144,-157
-111,-173
-544,-553
-546,-552
-546,-548
-544,-547
474,-592
476,-591
476,-587
474,-586
31,-146
-122,-164
-111,-190
-110,-189
-109,-176
-109,-175
-107,-174
-105,-175
-103,-156
-118,-171
-109,-168
-122,-172
-101,-160
36,-151
-57,-161
-542,-550
472,-589
-109,-170
-109,-169
-95,-172
